Generation: 0
Cost: 38
Seconds passed: 348.76929118

1 262 3
2 192 2
3 148 2
4 191 2
5 281 3
6 108 2
7 150 2
8 137 2
9 88 1
10 156 2
11 230 3
12 159 2
13 177 2
14 277 3
15 146 2
16 88 1
17 128 2
18 190 2


66

1 4
1 10
2 1
3 5
4 2

2 3
1 6
2 5
3 6

3 4
1 5
2 6
3 4
4 1

4 4
1 4
2 3
3 1
4 2

5 4
1 2
2 7
3 6
4 2

6 4
1 6
2 6
3 5
4 3

7 4
1 4
2 5
3 3
4 3

8 4
1 7
2 1
3 5
4 5

9 4
1 3
2 7
3 4
4 5

10 4
1 3
2 3
3 4
4 4

11 4
1 4
2 3
3 2
4 3

12 4
1 3
2 6
3 1
4 2

13 4
1 8
2 3
3 2
4 3

14 4
1 4
2 3
3 5
4 5

15 4
1 6
2 2
3 4
4 2

16 4
1 4
2 5
3 0
4 4

17 3
1 3
2 3
3 5

18 4
1 5
2 7
3 5
4 3

19 3
1 6
2 5
3 7

20 4
1 5
2 3
3 2
4 6

21 4
1 7
2 6
3 4
4 2

22 4
1 3
2 5
3 5
4 2

23 4
1 5
2 2
3 5
4 3

24 4
1 7
2 7
3 1
4 4

25 4
1 6
2 5
3 4
4 4

26 3
1 8
2 2
3 7

27 4
1 0
2 3
3 3
4 5

28 2
1 8
2 7

29 4
1 6
2 2
3 2
4 2

30 4
1 2
2 2
3 6
4 0

31 3
1 4
2 4
3 4

32 4
1 2
2 4
3 2
4 3

33 3
1 3
2 3
3 6

34 4
1 4
2 2
3 3
4 2

35 4
1 3
2 4
3 1
4 3

36 2
1 5
2 6

37 4
1 5
2 2
3 2
4 6

38 3
1 7
2 3
3 7

39 4
1 4
2 8
3 6
4 2

40 4
1 2
2 5
3 2
4 4

41 4
1 3
2 0
3 6
4 4

42 3
1 6
2 3
3 6

43 4
1 3
2 2
3 5
4 3

44 4
1 5
2 2
3 8
4 4

45 4
1 2
2 3
3 5
4 5

46 4
1 3
2 3
3 5
4 2

47 4
1 4
2 10
3 4
4 1

48 3
1 3
2 5
3 11

49 4
1 5
2 2
3 2
4 3

50 4
1 6
2 5
3 5
4 1

51 4
1 4
2 2
3 3
4 4

52 3
1 2
2 8
3 8

53 4
1 3
2 6
3 2
4 8

54 4
1 2
2 6
3 2
4 6

55 4
1 3
2 7
3 2
4 4

56 4
1 3
2 3
3 2
4 5

57 3
1 6
2 4
3 6

58 2
1 10
2 8

59 4
1 2
2 7
3 4
4 2

60 2
1 9
2 9

61 1
1 14

62 4
1 3
2 5
3 6
4 4

63 4
1 6
2 4
3 3
4 7

64 4
1 6
2 3
3 5
4 4

65 2
1 6
2 4

66 4
1 7
2 2
3 3
4 5
Generation: 8
Cost: 37
Seconds passed: 348.76929118

1 223 3
2 180 2
3 170 2
4 192 2
5 272 3
6 106 2
7 198 3
8 132 2
9 87 1
10 158 2
11 218 3
12 169 2
13 168 2
14 232 3
15 152 2
16 116 2
17 169 2
18 151 2


66

1 4
1 2
2 8
3 6
4 2

2 3
1 10
2 0
3 7

3 4
1 2
2 12
3 1
4 1

4 4
1 1
2 3
3 2
4 4

5 4
1 3
2 5
3 7
4 2

6 4
1 5
2 2
3 10
4 3

7 4
1 4
2 3
3 8
4 0

8 4
1 1
2 12
3 1
4 4

9 4
1 4
2 3
3 7
4 5

10 4
1 2
2 5
3 7
4 0

11 4
1 8
2 1
3 1
4 2

12 4
1 2
2 4
3 6
4 0

13 4
1 2
2 10
3 3
4 1

14 4
1 3
2 1
3 13
4 0

15 4
1 5
2 4
3 5
4 0

16 4
1 7
2 1
3 1
4 4

17 3
1 0
2 5
3 6

18 4
1 4
2 0
3 11
4 5

19 3
1 12
2 5
3 1

20 4
1 1
2 2
3 0
4 13

21 4
1 7
2 4
3 4
4 4

22 4
1 2
2 8
3 0
4 5

23 4
1 0
2 13
3 1
4 1

24 4
1 9
2 3
3 4
4 3

25 4
1 8
2 0
3 1
4 10

26 3
1 8
2 6
3 3

27 4
1 1
2 5
3 3
4 2

28 2
1 7
2 8

29 4
1 6
2 2
3 4
4 0

30 4
1 3
2 2
3 3
4 2

31 3
1 3
2 8
3 1

32 4
1 2
2 8
3 0
4 1

33 3
1 1
2 4
3 7

34 4
1 4
2 2
3 0
4 5

35 4
1 4
2 3
3 2
4 2

36 2
1 2
2 9

37 4
1 0
2 2
3 1
4 12

38 3
1 3
2 7
3 7

39 4
1 0
2 11
3 3
4 6

40 4
1 7
2 1
3 3
4 2

41 4
1 0
2 1
3 0
4 12

42 3
1 5
2 7
3 3

43 4
1 3
2 1
3 3
4 6

44 4
1 4
2 5
3 4
4 6

45 4
1 7
2 2
3 1
4 5

46 4
1 1
2 2
3 8
4 2

47 4
1 12
2 3
3 4
4 0

48 3
1 9
2 1
3 9

49 4
1 2
2 3
3 6
4 1

50 4
1 3
2 2
3 6
4 6

51 4
1 0
2 7
3 6
4 0

52 3
1 9
2 1
3 8

53 4
1 7
2 9
3 1
4 2

54 4
1 8
2 2
3 0
4 6

55 4
1 3
2 1
3 1
4 11

56 4
1 1
2 3
3 9
4 0

57 3
1 1
2 10
3 5

58 2
1 18
2 0

59 4
1 6
2 0
3 8
4 1

60 2
1 13
2 5

61 1
1 14

62 4
1 1
2 1
3 6
4 10

63 4
1 11
2 0
3 4
4 5

64 4
1 6
2 9
3 2
4 1

65 2
1 7
2 3

66 4
1 4
2 8
3 5
4 0
Generation: 47
Cost: 36
Seconds passed: 348.76929118

1 187 2
2 187 2
3 163 2
4 167 2
5 276 3
6 98 2
7 144 2
8 164 2
9 101 2
10 160 2
11 168 2
12 169 2
13 149 2
14 265 3
15 163 2
16 106 2
17 152 2
18 178 2


66

1 4
1 8
2 1
3 4
4 5

2 3
1 16
2 0
3 1

3 4
1 2
2 5
3 4
4 5

4 4
1 2
2 6
3 2
4 0

5 4
1 2
2 1
3 9
4 5

6 4
1 10
2 8
3 0
4 2

7 4
1 0
2 6
3 7
4 2

8 4
1 6
2 4
3 4
4 4

9 4
1 10
2 3
3 0
4 6

10 4
1 1
2 0
3 7
4 6

11 4
1 4
2 1
3 5
4 2

12 4
1 3
2 6
3 3
4 0

13 4
1 12
2 0
3 1
4 3

14 4
1 7
2 8
3 2
4 0

15 4
1 7
2 0
3 4
4 3

16 4
1 5
2 1
3 3
4 4

17 3
1 4
2 2
3 5

18 4
1 2
2 0
3 11
4 7

19 3
1 4
2 11
3 3

20 4
1 10
2 1
3 2
4 3

21 4
1 5
2 8
3 2
4 4

22 4
1 5
2 2
3 5
4 3

23 4
1 0
2 14
3 0
4 1

24 4
1 2
2 2
3 12
4 3

25 4
1 11
2 4
3 2
4 2

26 3
1 14
2 0
3 3

27 4
1 5
2 0
3 1
4 5

28 2
1 12
2 3

29 4
1 9
2 0
3 1
4 2

30 4
1 3
2 1
3 3
4 3

31 3
1 1
2 5
3 6

32 4
1 3
2 3
3 1
4 4

33 3
1 10
2 0
3 2

34 4
1 1
2 3
3 6
4 1

35 4
1 6
2 4
3 1
4 0

36 2
1 6
2 5

37 4
1 2
2 0
3 11
4 2

38 3
1 4
2 8
3 5

39 4
1 3
2 8
3 8
4 1

40 4
1 0
2 5
3 0
4 8

41 4
1 1
2 2
3 6
4 4

42 3
1 11
2 0
3 4

43 4
1 2
2 1
3 1
4 9

44 4
1 4
2 4
3 3
4 8

45 4
1 4
2 6
3 0
4 5

46 4
1 1
2 4
3 1
4 7

47 4
1 3
2 7
3 9
4 0

48 3
1 14
2 3
3 2

49 4
1 6
2 4
3 1
4 1

50 4
1 2
2 8
3 0
4 7

51 4
1 6
2 2
3 4
4 1

52 3
1 4
2 0
3 14

53 4
1 3
2 0
3 15
4 1

54 4
1 5
2 0
3 4
4 7

55 4
1 0
2 1
3 9
4 6

56 4
1 4
2 0
3 4
4 5

57 3
1 4
2 3
3 9

58 2
1 16
2 2

59 4
1 2
2 10
3 2
4 1

60 2
1 17
2 1

61 1
1 14

62 4
1 2
2 4
3 2
4 10

63 4
1 1
2 7
3 1
4 11

64 4
1 3
2 2
3 12
4 1

65 2
1 4
2 6

66 4
1 8
2 4
3 3
4 2
