Generation: 0
Cost: 48
Seconds passed: 226.19363418

1 243 3
2 244 3
3 191 2
4 261 3
5 350 4
6 178 2
7 192 2
8 171 2
9 137 2
10 178 2
11 281 3
12 224 3
13 251 3
14 360 4
15 217 3
16 132 2
17 164 2
18 248 3


66

1 4
1 8
2 5
3 5
4 9

2 3
1 7
2 3
3 4

3 4
1 2
2 3
3 7
4 5

4 4
1 8
2 4
3 12
4 6

5 4
1 5
2 2
3 6
4 2

6 4
1 10
2 7
3 6
4 7

7 4
1 6
2 4
3 5
4 4

8 4
1 10
2 1
3 2
4 2

9 4
1 4
2 2
3 1
4 4

10 4
1 1
2 3
3 5
4 2

11 4
1 3
2 4
3 6
4 5

12 4
1 2
2 6
3 8
4 8

13 4
1 4
2 3
3 4
4 10

14 4
1 3
2 5
3 1
4 5

15 4
1 3
2 2
3 6
4 5

16 4
1 4
2 4
3 2
4 1

17 3
1 9
2 5
3 5

18 4
1 6
2 3
3 2
4 1

19 3
1 9
2 11
3 6

20 4
1 8
2 3
3 1
4 6

21 4
1 4
2 6
3 5
4 3

22 4
1 5
2 6
3 4
4 5

23 4
1 3
2 3
3 5
4 4

24 4
1 4
2 2
3 4
4 5

25 4
1 1
2 8
3 5
4 4

26 3
1 7
2 7
3 9

27 4
1 5
2 2
3 6
4 4

28 2
1 12
2 10

29 4
1 1
2 1
3 5
4 4

30 4
1 2
2 8
3 8
4 6

31 3
1 5
2 11
3 10

32 4
1 4
2 5
3 0
4 4

33 3
1 5
2 5
3 13

34 4
1 7
2 6
3 4
4 4

35 4
1 9
2 4
3 9
4 7

36 2
1 7
2 4

37 4
1 8
2 7
3 8
4 5

38 3
1 10
2 9
3 6

39 4
1 6
2 4
3 1
4 2

40 4
1 1
2 2
3 4
4 5

41 4
1 6
2 2
3 1
4 1

42 3
1 6
2 10
3 9

43 4
1 3
2 4
3 6
4 3

44 4
1 5
2 7
3 3
4 5

45 4
1 6
2 2
3 10
4 2

46 4
1 9
2 4
3 8
4 4

47 4
1 5
2 7
3 10
4 3

48 3
1 9
2 10
3 1

49 4
1 5
2 11
3 4
4 2

50 4
1 4
2 14
3 2
4 9

51 4
1 9
2 2
3 6
4 7

52 3
1 6
2 7
3 4

53 4
1 4
2 4
3 6
4 7

54 4
1 12
2 4
3 4
4 9

55 4
1 6
2 10
3 4
4 8

56 4
1 5
2 2
3 4
4 9

57 3
1 7
2 4
3 4

58 2
1 4
2 9

59 4
1 9
2 6
3 3
4 5

60 2
1 7
2 15

61 1
1 24

62 4
1 8
2 4
3 5
4 2

63 4
1 5
2 10
3 4
4 8

64 4
1 5
2 8
3 1
4 7

65 2
1 9
2 8

66 4
1 2
2 8
3 5
4 8
Generation: 1
Cost: 47
Seconds passed: 226.19363418

1 265 3
2 260 3
3 173 2
4 249 3
5 342 4
6 182 2
7 200 3
8 183 2
9 123 2
10 174 2
11 285 3
12 186 2
13 237 3
14 348 4
15 215 3
16 132 2
17 160 2
18 254 3


66

1 4
1 9
2 5
3 4
4 9

2 3
1 3
2 7
3 4

3 4
1 5
2 5
3 3
4 4

4 4
1 8
2 7
3 13
4 2

5 4
1 5
2 5
3 2
4 3

6 4
1 2
2 10
3 10
4 8

7 4
1 6
2 4
3 6
4 3

8 4
1 9
2 3
3 1
4 2

9 4
1 4
2 0
3 6
4 1

10 4
1 2
2 1
3 4
4 4

11 4
1 2
2 4
3 5
4 7

12 4
1 3
2 5
3 8
4 8

13 4
1 4
2 9
3 3
4 5

14 4
1 8
2 2
3 3
4 1

15 4
1 1
2 1
3 9
4 5

16 4
1 5
2 2
3 3
4 1

17 3
1 11
2 7
3 1

18 4
1 4
2 3
3 3
4 2

19 3
1 10
2 9
3 7

20 4
1 9
2 3
3 1
4 5

21 4
1 3
2 7
3 6
4 2

22 4
1 5
2 9
3 0
4 6

23 4
1 3
2 2
3 7
4 3

24 4
1 6
2 6
3 1
4 2

25 4
1 1
2 8
3 4
4 5

26 3
1 4
2 5
3 14

27 4
1 6
2 5
3 5
4 1

28 2
1 13
2 9

29 4
1 0
2 3
3 7
4 1

30 4
1 1
2 9
3 9
4 5

31 3
1 9
2 8
3 9

32 4
1 7
2 2
3 1
4 3

33 3
1 5
2 10
3 8

34 4
1 11
2 4
3 2
4 4

35 4
1 9
2 6
3 9
4 5

36 2
1 3
2 8

37 4
1 7
2 4
3 12
4 5

38 3
1 6
2 13
3 6

39 4
1 2
2 6
3 4
4 1

40 4
1 4
2 1
3 1
4 6

41 4
1 6
2 0
3 1
4 3

42 3
1 13
2 4
3 8

43 4
1 5
2 5
3 5
4 1

44 4
1 8
2 4
3 4
4 4

45 4
1 5
2 1
3 11
4 3

46 4
1 10
2 4
3 5
4 6

47 4
1 9
2 6
3 4
4 6

48 3
1 8
2 10
3 2

49 4
1 6
2 6
3 6
4 4

50 4
1 5
2 16
3 1
4 7

51 4
1 10
2 1
3 7
4 6

52 3
1 6
2 10
3 1

53 4
1 3
2 5
3 6
4 7

54 4
1 7
2 8
3 5
4 9

55 4
1 5
2 11
3 3
4 9

56 4
1 7
2 2
3 6
4 5

57 3
1 3
2 2
3 10

58 2
1 5
2 8

59 4
1 6
2 7
3 7
4 3

60 2
1 12
2 10

61 1
1 24

62 4
1 3
2 5
3 6
4 5

63 4
1 4
2 8
3 7
4 8

64 4
1 5
2 3
3 5
4 8

65 2
1 9
2 8

66 4
1 2
2 8
3 2
4 11
Generation: 7
Cost: 46
Seconds passed: 226.19363418

1 276 3
2 284 3
3 243 3
4 236 3
5 359 4
6 188 2
7 164 2
8 159 2
9 177 2
10 165 2
11 284 3
12 187 2
13 217 3
14 395 5
15 208 3
16 92 1
17 145 2
18 271 3


66

1 4
1 15
2 7
3 1
4 4

2 3
1 1
2 12
3 1

3 4
1 6
2 8
3 3
4 0

4 4
1 3
2 10
3 16
4 1

5 4
1 1
2 3
3 8
4 3

6 4
1 9
2 6
3 4
4 11

7 4
1 0
2 3
3 8
4 8

8 4
1 7
2 1
3 0
4 7

9 4
1 3
2 2
3 3
4 3

10 4
1 2
2 2
3 0
4 7

11 4
1 5
2 1
3 3
4 9

12 4
1 2
2 5
3 1
4 16

13 4
1 4
2 8
3 4
4 5

14 4
1 1
2 0
3 10
4 3

15 4
1 2
2 3
3 6
4 5

16 4
1 3
2 4
3 2
4 2

17 3
1 3
2 4
3 12

18 4
1 0
2 8
3 3
4 1

19 3
1 13
2 4
3 9

20 4
1 3
2 11
3 3
4 1

21 4
1 5
2 5
3 5
4 3

22 4
1 1
2 3
3 13
4 3

23 4
1 2
2 5
3 6
4 2

24 4
1 11
2 2
3 1
4 1

25 4
1 5
2 10
3 3
4 0

26 3
1 5
2 1
3 17

27 4
1 1
2 13
3 3
4 0

28 2
1 2
2 20

29 4
1 2
2 4
3 4
4 1

30 4
1 12
2 8
3 1
4 3

31 3
1 2
2 3
3 21

32 4
1 6
2 1
3 2
4 4

33 3
1 8
2 14
3 1

34 4
1 11
2 0
3 6
4 4

35 4
1 3
2 8
3 7
4 11

36 2
1 9
2 2

37 4
1 12
2 0
3 15
4 1

38 3
1 14
2 8
3 3

39 4
1 1
2 3
3 7
4 2

40 4
1 5
2 4
3 1
4 2

41 4
1 4
2 4
3 2
4 0

42 3
1 12
2 2
3 11

43 4
1 8
2 6
3 1
4 1

44 4
1 4
2 4
3 5
4 7

45 4
1 7
2 9
3 3
4 1

46 4
1 16
2 4
3 4
4 1

47 4
1 3
2 6
3 9
4 7

48 3
1 11
2 5
3 4

49 4
1 20
2 1
3 1
4 0

50 4
1 11
2 7
3 0
4 11

51 4
1 13
2 3
3 5
4 3

52 3
1 8
2 9
3 0

53 4
1 4
2 4
3 8
4 5

54 4
1 5
2 11
3 9
4 4

55 4
1 10
2 5
3 6
4 7

56 4
1 9
2 1
3 2
4 8

57 3
1 7
2 6
3 2

58 2
1 4
2 9

59 4
1 3
2 6
3 8
4 6

60 2
1 3
2 19

61 1
1 24

62 4
1 2
2 11
3 4
4 2

63 4
1 14
2 8
3 2
4 3

64 4
1 4
2 10
3 1
4 6

65 2
1 1
2 16

66 4
1 2
2 7
3 1
4 13
Generation: 37
Cost: 45
Seconds passed: 226.19363418

1 281 3
2 282 3
3 156 2
4 194 3
5 306 4
6 187 2
7 252 3
8 177 2
9 137 2
10 194 3
11 251 3
12 176 2
13 251 3
14 336 4
15 171 2
16 99 2
17 184 2
18 256 3


66

1 4
1 15
2 2
3 3
4 7

2 3
1 9
2 5
3 0

3 4
1 1
2 6
3 4
4 6

4 4
1 5
2 6
3 19
4 0

5 4
1 1
2 7
3 7
4 0

6 4
1 18
2 5
3 2
4 5

7 4
1 8
2 1
3 5
4 5

8 4
1 3
2 5
3 0
4 7

9 4
1 5
2 2
3 1
4 3

10 4
1 3
2 6
3 2
4 0

11 4
1 1
2 4
3 0
4 13

12 4
1 5
2 1
3 1
4 17

13 4
1 2
2 15
3 3
4 1

14 4
1 2
2 4
3 7
4 1

15 4
1 5
2 5
3 6
4 0

16 4
1 3
2 5
3 1
4 2

17 3
1 11
2 3
3 5

18 4
1 4
2 8
3 0
4 0

19 3
1 14
2 0
3 12

20 4
1 8
2 1
3 1
4 8

21 4
1 4
2 11
3 3
4 0

22 4
1 1
2 9
3 9
4 1

23 4
1 2
2 0
3 7
4 6

24 4
1 11
2 1
3 0
4 3

25 4
1 5
2 1
3 10
4 2

26 3
1 5
2 6
3 12

27 4
1 1
2 9
3 1
4 6

28 2
1 12
2 10

29 4
1 5
2 3
3 1
4 2

30 4
1 14
2 0
3 7
4 3

31 3
1 22
2 2
3 2

32 4
1 0
2 9
3 3
4 1

33 3
1 7
2 7
3 9

34 4
1 2
2 12
3 4
4 3

35 4
1 19
2 3
3 5
4 2

36 2
1 10
2 1

37 4
1 9
2 11
3 6
4 2

38 3
1 1
2 24
3 0

39 4
1 1
2 1
3 0
4 11

40 4
1 0
2 8
3 3
4 1

41 4
1 0
2 6
3 1
4 3

42 3
1 5
2 4
3 16

43 4
1 8
2 0
3 4
4 4

44 4
1 3
2 10
3 3
4 4

45 4
1 10
2 4
3 2
4 4

46 4
1 10
2 7
3 3
4 5

47 4
1 9
2 0
3 3
4 13

48 3
1 1
2 11
3 8

49 4
1 8
2 11
3 1
4 2

50 4
1 3
2 5
3 8
4 13

51 4
1 0
2 2
3 7
4 15

52 3
1 7
2 8
3 2

53 4
1 4
2 11
3 5
4 1

54 4
1 2
2 17
3 7
4 3

55 4
1 13
2 4
3 8
4 3

56 4
1 0
2 9
3 4
4 7

57 3
1 4
2 0
3 11

58 2
1 8
2 5

59 4
1 5
2 12
3 5
4 1

60 2
1 20
2 2

61 1
1 24

62 4
1 0
2 4
3 6
4 9

63 4
1 14
2 10
3 2
4 1

64 4
1 9
2 9
3 0
4 3

65 2
1 14
2 3

66 4
1 5
2 6
3 1
4 11
