Generation: 0
Cost: 59
Seconds passed: 209.47980118

1 213 3
2 218 3
3 172 2
4 177 2
5 249 3
6 132 2
7 144 2
8 128 2
9 93 1
10 161 2
11 213 3
12 180 2
13 203 3
14 251 3
15 139 2
16 96 1
17 138 2
18 189 2


66

1 4
1 4
2 4
3 3
4 7

2 3
1 6
2 4
3 7

3 4
1 9
2 3
3 3
4 1

4 4
1 3
2 3
3 2
4 2

5 4
1 2
2 4
3 7
4 4

6 4
1 5
2 8
3 2
4 5

7 4
1 7
2 4
3 3
4 1

8 4
1 4
2 3
3 4
4 7

9 4
1 6
2 6
3 2
4 5

10 4
1 2
2 5
3 3
4 4

11 4
1 4
2 3
3 3
4 2

12 4
1 4
2 3
3 2
4 3

13 4
1 4
2 7
3 3
4 2

14 4
1 1
2 5
3 5
4 6

15 4
1 3
2 4
3 4
4 3

16 4
1 4
2 1
3 4
4 4

17 3
1 5
2 4
3 2

18 4
1 6
2 2
3 3
4 9

19 3
1 4
2 6
3 8

20 4
1 1
2 2
3 8
4 5

21 4
1 9
2 7
3 2
4 1

22 4
1 4
2 3
3 5
4 3

23 4
1 4
2 3
3 4
4 4

24 4
1 7
2 4
3 5
4 3

25 4
1 7
2 2
3 3
4 7

26 3
1 6
2 4
3 7

27 4
1 2
2 3
3 2
4 4

28 2
1 8
2 7

29 4
1 4
2 1
3 4
4 3

30 4
1 4
2 3
3 2
4 1

31 3
1 4
2 2
3 6

32 4
1 6
2 3
3 1
4 1

33 3
1 4
2 3
3 5

34 4
1 3
2 4
3 1
4 3

35 4
1 4
2 2
3 4
4 1

36 2
1 6
2 5

37 4
1 5
2 2
3 2
4 6

38 3
1 3
2 6
3 8

39 4
1 7
2 6
3 5
4 2

40 4
1 1
2 4
3 3
4 5

41 4
1 2
2 7
3 3
4 1

42 3
1 7
2 5
3 3

43 4
1 5
2 3
3 4
4 1

44 4
1 3
2 5
3 4
4 7

45 4
1 3
2 3
3 6
4 3

46 4
1 4
2 1
3 5
4 3

47 4
1 4
2 6
3 3
4 6

48 3
1 9
2 7
3 3

49 4
1 4
2 5
3 1
4 2

50 4
1 4
2 3
3 5
4 5

51 4
1 3
2 3
3 4
4 3

52 3
1 8
2 4
3 6

53 4
1 5
2 4
3 4
4 6

54 4
1 4
2 4
3 5
4 3

55 4
1 5
2 4
3 4
4 3

56 4
1 2
2 4
3 3
4 4

57 3
1 8
2 3
3 5

58 2
1 9
2 9

59 4
1 4
2 6
3 2
4 3

60 2
1 14
2 4

61 1
1 14

62 4
1 5
2 8
3 2
4 3

63 4
1 6
2 6
3 6
4 2

64 4
1 7
2 3
3 3
4 5

65 2
1 7
2 3

66 4
1 3
2 3
3 4
4 7
Generation: 1
Cost: 49
Seconds passed: 209.47980118

1 213 3
2 230 3
3 170 2
4 166 2
5 226 3
6 130 2
7 158 2
8 130 2
9 103 2
10 150 2
11 230 3
12 165 2
13 170 2
14 234 3
15 144 2
16 100 2
17 131 2
18 201 3


66

1 4
1 1
2 7
3 1
4 9

2 3
1 13
2 4
3 0

3 4
1 3
2 8
3 4
4 1

4 4
1 3
2 1
3 4
4 2

5 4
1 3
2 6
3 6
4 2

6 4
1 3
2 6
3 6
4 5

7 4
1 5
2 4
3 2
4 4

8 4
1 7
2 4
3 6
4 1

9 4
1 10
2 5
3 1
4 3

10 4
1 3
2 4
3 2
4 5

11 4
1 3
2 2
3 4
4 3

12 4
1 4
2 1
3 1
4 6

13 4
1 2
2 7
3 3
4 4

14 4
1 4
2 4
3 4
4 5

15 4
1 3
2 4
3 6
4 1

16 4
1 1
2 6
3 3
4 3

17 3
1 3
2 6
3 2

18 4
1 5
2 2
3 2
4 11

19 3
1 3
2 7
3 8

20 4
1 7
2 1
3 8
4 0

21 4
1 10
2 2
3 6
4 1

22 4
1 6
2 3
3 4
4 2

23 4
1 5
2 6
3 0
4 4

24 4
1 5
2 3
3 4
4 7

25 4
1 7
2 0
3 6
4 6

26 3
1 7
2 6
3 4

27 4
1 1
2 4
3 1
4 5

28 2
1 7
2 8

29 4
1 6
2 2
3 3
4 1

30 4
1 2
2 2
3 6
4 0

31 3
1 5
2 5
3 2

32 4
1 2
2 3
3 3
4 3

33 3
1 5
2 6
3 1

34 4
1 6
2 3
3 1
4 1

35 4
1 4
2 1
3 5
4 1

36 2
1 6
2 5

37 4
1 3
2 5
3 3
4 4

38 3
1 2
2 6
3 9

39 4
1 5
2 5
3 6
4 4

40 4
1 1
2 5
3 4
4 3

41 4
1 2
2 7
3 4
4 0

42 3
1 2
2 8
3 5

43 4
1 3
2 3
3 3
4 4

44 4
1 6
2 4
3 4
4 5

45 4
1 6
2 0
3 6
4 3

46 4
1 1
2 0
3 8
4 4

47 4
1 3
2 5
3 5
4 6

48 3
1 6
2 6
3 7

49 4
1 9
2 0
3 1
4 2

50 4
1 3
2 2
3 6
4 6

51 4
1 0
2 2
3 8
4 3

52 3
1 8
2 7
3 3

53 4
1 2
2 6
3 4
4 7

54 4
1 8
2 3
3 5
4 0

55 4
1 10
2 3
3 2
4 1

56 4
1 5
2 2
3 2
4 4

57 3
1 4
2 6
3 6

58 2
1 11
2 7

59 4
1 4
2 3
3 3
4 5

60 2
1 9
2 9

61 1
1 14

62 4
1 7
2 8
3 0
4 3

63 4
1 6
2 4
3 5
4 5

64 4
1 4
2 4
3 3
4 7

65 2
1 6
2 4

66 4
1 7
2 0
3 5
4 5
Generation: 2
Cost: 32
Seconds passed: 209.47980118

1 194 3
2 208 3
3 184 2
4 167 2
5 225 3
6 120 2
7 153 2
8 153 2
9 107 2
10 146 2
11 205 3
12 175 2
13 183 2
14 228 3
15 137 2
16 116 2
17 136 2
18 204 3


66

1 4
1 3
2 6
3 3
4 6

2 3
1 10
2 3
3 4

3 4
1 8
2 3
3 4
4 1

4 4
1 1
2 5
3 2
4 2

5 4
1 6
2 6
3 4
4 1

6 4
1 2
2 7
3 7
4 4

7 4
1 8
2 4
3 2
4 1

8 4
1 6
2 1
3 4
4 7

9 4
1 1
2 9
3 3
4 6

10 4
1 4
2 5
3 1
4 4

11 4
1 3
2 3
3 5
4 1

12 4
1 2
2 3
3 3
4 4

13 4
1 3
2 4
3 5
4 4

14 4
1 1
2 3
3 5
4 8

15 4
1 7
2 2
3 4
4 1

16 4
1 3
2 1
3 5
4 4

17 3
1 3
2 7
3 1

18 4
1 0
2 2
3 4
4 14

19 3
1 7
2 6
3 5

20 4
1 7
2 1
3 7
4 1

21 4
1 10
2 3
3 5
4 1

22 4
1 6
2 2
3 6
4 1

23 4
1 3
2 4
3 6
4 2

24 4
1 5
2 7
3 4
4 3

25 4
1 6
2 1
3 6
4 6

26 3
1 7
2 7
3 3

27 4
1 2
2 1
3 2
4 6

28 2
1 4
2 11

29 4
1 8
2 0
3 3
4 1

30 4
1 4
2 1
3 4
4 1

31 3
1 2
2 5
3 5

32 4
1 1
2 2
3 4
4 4

33 3
1 2
2 8
3 2

34 4
1 7
2 1
3 3
4 0

35 4
1 5
2 2
3 3
4 1

36 2
1 9
2 2

37 4
1 5
2 3
3 2
4 5

38 3
1 1
2 7
3 9

39 4
1 5
2 5
3 4
4 6

40 4
1 2
2 10
3 0
4 1

41 4
1 4
2 2
3 3
4 4

42 3
1 0
2 13
3 2

43 4
1 4
2 3
3 1
4 5

44 4
1 5
2 4
3 5
4 5

45 4
1 8
2 1
3 6
4 0

46 4
1 3
2 1
3 9
4 0

47 4
1 2
2 0
3 8
4 9

48 3
1 10
2 6
3 3

49 4
1 7
2 1
3 2
4 2

50 4
1 4
2 5
3 6
4 2

51 4
1 0
2 4
3 7
4 2

52 3
1 3
2 2
3 13

53 4
1 4
2 5
3 5
4 5

54 4
1 8
2 0
3 5
4 3

55 4
1 4
2 5
3 4
4 3

56 4
1 9
2 2
3 2
4 0

57 3
1 8
2 5
3 3

58 2
1 12
2 6

59 4
1 6
2 6
3 1
4 2

60 2
1 13
2 5

61 1
1 14

62 4
1 5
2 7
3 3
4 3

63 4
1 7
2 4
3 3
4 6

64 4
1 0
2 9
3 4
4 5

65 2
1 8
2 2

66 4
1 4
2 4
3 4
4 5
Generation: 3
Cost: 25
Seconds passed: 209.47980118

1 201 3
2 231 3
3 186 2
4 148 2
5 192 2
6 123 2
7 140 2
8 131 2
9 106 2
10 126 2
11 196 3
12 187 2
13 185 2
14 201 3
15 142 2
16 109 2
17 136 2
18 224 3


66

1 4
1 2
2 8
3 1
4 7

2 3
1 10
2 3
3 4

3 4
1 7
2 1
3 4
4 4

4 4
1 2
2 6
3 2
4 0

5 4
1 3
2 6
3 5
4 3

6 4
1 2
2 10
3 5
4 3

7 4
1 8
2 5
3 0
4 2

8 4
1 8
2 4
3 4
4 2

9 4
1 7
2 5
3 0
4 7

10 4
1 3
2 5
3 1
4 5

11 4
1 6
2 5
3 1
4 0

12 4
1 2
2 4
3 2
4 4

13 4
1 0
2 0
3 6
4 10

14 4
1 1
2 3
3 0
4 13

15 4
1 4
2 4
3 3
4 3

16 4
1 5
2 2
3 6
4 0

17 3
1 4
2 5
3 2

18 4
1 2
2 1
3 0
4 17

19 3
1 11
2 5
3 2

20 4
1 3
2 2
3 10
4 1

21 4
1 14
2 0
3 4
4 1

22 4
1 3
2 4
3 3
4 5

23 4
1 8
2 0
3 1
4 6

24 4
1 3
2 6
3 6
4 4

25 4
1 7
2 3
3 6
4 3

26 3
1 7
2 7
3 3

27 4
1 2
2 1
3 2
4 6

28 2
1 6
2 9

29 4
1 8
2 0
3 3
4 1

30 4
1 1
2 4
3 4
4 1

31 3
1 10
2 1
3 1

32 4
1 2
2 2
3 1
4 6

33 3
1 3
2 7
3 2

34 4
1 7
2 2
3 1
4 1

35 4
1 3
2 5
3 1
4 2

36 2
1 6
2 5

37 4
1 4
2 3
3 2
4 6

38 3
1 0
2 11
3 6

39 4
1 4
2 8
3 8
4 0

40 4
1 0
2 11
3 2
4 0

41 4
1 3
2 7
3 1
4 2

42 3
1 4
2 5
3 6

43 4
1 6
2 3
3 4
4 0

44 4
1 11
2 1
3 1
4 6

45 4
1 9
2 5
3 1
4 0

46 4
1 5
2 1
3 3
4 4

47 4
1 3
2 1
3 7
4 8

48 3
1 14
2 0
3 5

49 4
1 6
2 0
3 4
4 2

50 4
1 2
2 3
3 7
4 5

51 4
1 1
2 6
3 6
4 0

52 3
1 1
2 3
3 14

53 4
1 6
2 3
3 5
4 5

54 4
1 14
2 0
3 2
4 0

55 4
1 8
2 4
3 4
4 0

56 4
1 7
2 3
3 2
4 1

57 3
1 8
2 4
3 4

58 2
1 14
2 4

59 4
1 6
2 7
3 2
4 0

60 2
1 15
2 3

61 1
1 14

62 4
1 5
2 5
3 5
4 3

63 4
1 5
2 6
3 3
4 6

64 4
1 2
2 8
3 0
4 8

65 2
1 9
2 1

66 4
1 5
2 5
3 4
4 3
Generation: 4
Cost: 20
Seconds passed: 209.47980118

1 184 2
2 216 3
3 156 2
4 175 2
5 215 3
6 130 2
7 149 2
8 133 2
9 107 2
10 127 2
11 200 3
12 200 3
13 192 2
14 232 3
15 165 2
16 92 1
17 138 2
18 210 3


66

1 4
1 2
2 6
3 2
4 8

2 3
1 7
2 4
3 6

3 4
1 1
2 6
3 9
4 0

4 4
1 0
2 6
3 4
4 0

5 4
1 4
2 3
3 5
4 5

6 4
1 5
2 3
3 10
4 2

7 4
1 0
2 6
3 4
4 5

8 4
1 10
2 4
3 2
4 2

9 4
1 7
2 6
3 3
4 3

10 4
1 1
2 6
3 3
4 4

11 4
1 7
2 3
3 1
4 1

12 4
1 9
2 1
3 2
4 0

13 4
1 2
2 1
3 6
4 7

14 4
1 6
2 1
3 10
4 0

15 4
1 2
2 2
3 4
4 6

16 4
1 1
2 7
3 2
4 3

17 3
1 3
2 6
3 2

18 4
1 6
2 2
3 0
4 12

19 3
1 10
2 5
3 3

20 4
1 0
2 3
3 9
4 4

21 4
1 13
2 3
3 3
4 0

22 4
1 1
2 3
3 6
4 5

23 4
1 6
2 1
3 4
4 4

24 4
1 8
2 5
3 5
4 1

25 4
1 5
2 2
3 7
4 5

26 3
1 4
2 6
3 7

27 4
1 6
2 2
3 3
4 0

28 2
1 10
2 5

29 4
1 8
2 0
3 4
4 0

30 4
1 2
2 1
3 6
4 1

31 3
1 5
2 4
3 3

32 4
1 4
2 6
3 0
4 1

33 3
1 2
2 7
3 3

34 4
1 3
2 3
3 0
4 5

35 4
1 1
2 5
3 4
4 1

36 2
1 7
2 4

37 4
1 1
2 2
3 5
4 7

38 3
1 2
2 10
3 5

39 4
1 3
2 6
3 10
4 1

40 4
1 2
2 7
3 3
4 1

41 4
1 3
2 2
3 2
4 6

42 3
1 3
2 7
3 5

43 4
1 7
2 1
3 5
4 0

44 4
1 10
2 3
3 2
4 4

45 4
1 4
2 3
3 7
4 1

46 4
1 2
2 4
3 7
4 0

47 4
1 11
2 3
3 3
4 2

48 3
1 16
2 0
3 3

49 4
1 8
2 2
3 0
4 2

50 4
1 10
2 3
3 4
4 0

51 4
1 4
2 3
3 5
4 1

52 3
1 0
2 7
3 11

53 4
1 11
2 1
3 2
4 5

54 4
1 7
2 3
3 5
4 1

55 4
1 4
2 1
3 7
4 4

56 4
1 2
2 6
3 3
4 2

57 3
1 9
2 0
3 7

58 2
1 16
2 2

59 4
1 4
2 6
3 0
4 5

60 2
1 8
2 10

61 1
1 14

62 4
1 6
2 6
3 6
4 0

63 4
1 6
2 2
3 6
4 6

64 4
1 3
2 6
3 0
4 9

65 2
1 5
2 5

66 4
1 3
2 7
3 5
4 2
Generation: 426
Cost: 19
Seconds passed: 209.47980118

1 204 3
2 199 3
3 215 3
4 186 2
5 231 3
6 104 2
7 147 2
8 113 2
9 89 1
10 144 2
11 199 3
12 167 2
13 184 2
14 197 3
15 148 2
16 116 2
17 171 2
18 181 2


66

1 4
1 5
2 11
3 1
4 1

2 3
1 0
2 5
3 12

3 4
1 9
2 6
3 0
4 1

4 4
1 2
2 2
3 5
4 1

5 4
1 4
2 7
3 4
4 2

6 4
1 4
2 1
3 7
4 8

7 4
1 0
2 9
3 6
4 0

8 4
1 1
2 4
3 3
4 10

9 4
1 6
2 1
3 3
4 9

10 4
1 4
2 4
3 3
4 3

11 4
1 9
2 1
3 2
4 0

12 4
1 8
2 0
3 2
4 2

13 4
1 6
2 5
3 4
4 1

14 4
1 10
2 0
3 0
4 7

15 4
1 7
2 4
3 1
4 2

16 4
1 9
2 1
3 0
4 3

17 3
1 0
2 9
3 2

18 4
1 5
2 2
3 0
4 13

19 3
1 6
2 6
3 6

20 4
1 9
2 2
3 3
4 2

21 4
1 19
2 0
3 0
4 0

22 4
1 8
2 0
3 0
4 7

23 4
1 2
2 11
3 0
4 2

24 4
1 12
2 6
3 1
4 0

25 4
1 4
2 1
3 3
4 11

26 3
1 11
2 6
3 0

27 4
1 8
2 0
3 0
4 3

28 2
1 9
2 6

29 4
1 3
2 9
3 0
4 0

30 4
1 4
2 3
3 2
4 1

31 3
1 4
2 5
3 3

32 4
1 1
2 5
3 0
4 5

33 3
1 7
2 4
3 1

34 4
1 10
2 0
3 1
4 0

35 4
1 1
2 8
3 0
4 2

36 2
1 7
2 4

37 4
1 4
2 2
3 1
4 8

38 3
1 1
2 1
3 15

39 4
1 0
2 7
3 9
4 4

40 4
1 0
2 2
3 6
4 5

41 4
1 1
2 7
3 2
4 3

42 3
1 7
2 7
3 1

43 4
1 4
2 1
3 1
4 7

44 4
1 1
2 13
3 3
4 2

45 4
1 5
2 1
3 3
4 6

46 4
1 0
2 2
3 3
4 8

47 4
1 8
2 4
3 6
4 1

48 3
1 2
2 10
3 7

49 4
1 3
2 0
3 3
4 6

50 4
1 2
2 6
3 1
4 8

51 4
1 0
2 8
3 3
4 2

52 3
1 12
2 6
3 0

53 4
1 3
2 0
3 10
4 6

54 4
1 15
2 0
3 0
4 1

55 4
1 4
2 2
3 2
4 8

56 4
1 6
2 6
3 1
4 0

57 3
1 8
2 2
3 6

58 2
1 13
2 5

59 4
1 2
2 3
3 9
4 1

60 2
1 13
2 5

61 1
1 14

62 4
1 3
2 3
3 11
4 1

63 4
1 6
2 3
3 11
4 0

64 4
1 12
2 2
3 4
4 0

65 2
1 6
2 4

66 4
1 7
2 6
3 3
4 1
Generation: 427
Cost: 16
Seconds passed: 209.47980118

1 218 3
2 207 3
3 192 2
4 184 2
5 214 3
6 101 2
7 164 2
8 126 2
9 89 1
10 149 2
11 209 3
12 170 2
13 207 3
14 211 3
15 139 2
16 91 1
17 142 2
18 183 2


66

1 4
1 0
2 17
3 1
4 0

2 3
1 1
2 3
3 13

3 4
1 5
2 8
3 2
4 1

4 4
1 1
2 5
3 3
4 1

5 4
1 0
2 9
3 7
4 1

6 4
1 7
2 2
3 9
4 2

7 4
1 1
2 14
3 0
4 0

8 4
1 3
2 5
3 1
4 9

9 4
1 7
2 4
3 0
4 8

10 4
1 6
2 0
3 5
4 3

11 4
1 11
2 1
3 0
4 0

12 4
1 7
2 2
3 3
4 0

13 4
1 1
2 5
3 7
4 3

14 4
1 2
2 7
3 3
4 5

15 4
1 6
2 5
3 3
4 0

16 4
1 10
2 0
3 2
4 1

17 3
1 5
2 3
3 3

18 4
1 6
2 3
3 1
4 10

19 3
1 5
2 8
3 5

20 4
1 11
2 1
3 3
4 1

21 4
1 15
2 0
3 2
4 2

22 4
1 6
2 1
3 1
4 7

23 4
1 2
2 9
3 1
4 3

24 4
1 10
2 8
3 1
4 0

25 4
1 4
2 0
3 8
4 7

26 3
1 7
2 6
3 4

27 4
1 8
2 1
3 2
4 0

28 2
1 6
2 9

29 4
1 2
2 3
3 5
4 2

30 4
1 0
2 0
3 8
4 2

31 3
1 3
2 6
3 3

32 4
1 1
2 1
3 0
4 9

33 3
1 3
2 6
3 3

34 4
1 9
2 0
3 1
4 1

35 4
1 3
2 4
3 2
4 2

36 2
1 6
2 5

37 4
1 4
2 4
3 0
4 7

38 3
1 4
2 2
3 11

39 4
1 2
2 5
3 5
4 8

40 4
1 3
2 6
3 1
4 3

41 4
1 9
2 4
3 0
4 0

42 3
1 2
2 8
3 5

43 4
1 4
2 1
3 1
4 7

44 4
1 2
2 11
3 6
4 0

45 4
1 6
2 0
3 4
4 5

46 4
1 0
2 3
3 0
4 10

47 4
1 8
2 4
3 7
4 0

48 3
1 0
2 13
3 6

49 4
1 0
2 3
3 4
4 5

50 4
1 2
2 10
3 4
4 1

51 4
1 6
2 5
3 2
4 0

52 3
1 15
2 1
3 2

53 4
1 1
2 0
3 13
4 5

54 4
1 13
2 1
3 1
4 1

55 4
1 10
2 2
3 0
4 4

56 4
1 7
2 1
3 5
4 0

57 3
1 13
2 1
3 2

58 2
1 9
2 9

59 4
1 3
2 4
3 7
4 1

60 2
1 17
2 1

61 1
1 14

62 4
1 5
2 3
3 9
4 1

63 4
1 8
2 1
3 10
4 1

64 4
1 9
2 5
3 1
4 3

65 2
1 4
2 6

66 4
1 7
2 0
3 4
4 6
Generation: 428
Cost: 15
Seconds passed: 209.47980118

1 176 2
2 201 3
3 193 3
4 188 2
5 209 3
6 104 2
7 174 2
8 127 2
9 118 2
10 164 2
11 204 3
12 165 2
13 176 2
14 202 3
15 185 2
16 108 2
17 173 2
18 185 2


66

1 4
1 0
2 16
3 1
4 1

2 3
1 11
2 0
3 6

3 4
1 4
2 1
3 4
4 7

4 4
1 1
2 7
3 2
4 0

5 4
1 0
2 9
3 8
4 0

6 4
1 7
2 2
3 9
4 2

7 4
1 2
2 11
3 1
4 1

8 4
1 11
2 0
3 6
4 1

9 4
1 2
2 1
3 1
4 15

10 4
1 2
2 5
3 5
4 2

11 4
1 8
2 0
3 2
4 2

12 4
1 5
2 2
3 3
4 2

13 4
1 2
2 5
3 4
4 5

14 4
1 1
2 10
3 1
4 5

15 4
1 6
2 1
3 6
4 1

16 4
1 5
2 4
3 2
4 2

17 3
1 5
2 4
3 2

18 4
1 3
2 4
3 1
4 12

19 3
1 6
2 9
3 3

20 4
1 10
2 0
3 5
4 1

21 4
1 11
2 6
3 1
4 1

22 4
1 5
2 4
3 6
4 0

23 4
1 4
2 3
3 5
4 3

24 4
1 7
2 1
3 7
4 4

25 4
1 1
2 2
3 2
4 14

26 3
1 5
2 8
3 4

27 4
1 1
2 2
3 1
4 7

28 2
1 12
2 3

29 4
1 1
2 2
3 8
4 1

30 4
1 4
2 4
3 1
4 1

31 3
1 6
2 0
3 6

32 4
1 3
2 6
3 1
4 1

33 3
1 2
2 8
3 2

34 4
1 0
2 5
3 0
4 6

35 4
1 1
2 2
3 3
4 5

36 2
1 0
2 11

37 4
1 3
2 1
3 10
4 1

38 3
1 4
2 2
3 11

39 4
1 3
2 0
3 7
4 10

40 4
1 0
2 2
3 5
4 6

41 4
1 0
2 8
3 1
4 4

42 3
1 3
2 8
3 4

43 4
1 4
2 0
3 7
4 2

44 4
1 11
2 1
3 3
4 4

45 4
1 6
2 1
3 2
4 6

46 4
1 1
2 3
3 0
4 9

47 4
1 9
2 4
3 4
4 2

48 3
1 2
2 14
3 3

49 4
1 3
2 2
3 3
4 4

50 4
1 2
2 9
3 2
4 4

51 4
1 4
2 5
3 3
4 1

52 3
1 16
2 0
3 2

53 4
1 1
2 10
3 8
4 0

54 4
1 12
2 0
3 1
4 3

55 4
1 1
2 2
3 5
4 8

56 4
1 3
2 3
3 5
4 2

57 3
1 1
2 1
3 14

58 2
1 8
2 10

59 4
1 1
2 3
3 5
4 6

60 2
1 12
2 6

61 1
1 14

62 4
1 3
2 3
3 12
4 0

63 4
1 9
2 2
3 6
4 3

64 4
1 10
2 4
3 2
4 2

65 2
1 7
2 3

66 4
1 6
2 1
3 2
4 8
Generation: 429
Cost: 9
Seconds passed: 209.47980118

1 169 2
2 214 3
3 199 3
4 184 2
5 209 3
6 95 1
7 195 3
8 146 2
9 102 2
10 171 2
11 228 3
12 148 2
13 191 2
14 196 3
15 144 2
16 111 2
17 162 2
18 197 3


66

1 4
1 1
2 15
3 1
4 1

2 3
1 5
2 9
3 3

3 4
1 0
2 3
3 3
4 10

4 4
1 0
2 6
3 3
4 1

5 4
1 1
2 6
3 6
4 4

6 4
1 5
2 6
3 8
4 1

7 4
1 0
2 10
3 5
4 0

8 4
1 10
2 2
3 5
4 1

9 4
1 0
2 0
3 0
4 19

10 4
1 5
2 2
3 3
4 4

11 4
1 1
2 2
3 1
4 8

12 4
1 4
2 3
3 0
4 5

13 4
1 4
2 11
3 1
4 0

14 4
1 2
2 12
3 1
4 2

15 4
1 0
2 1
3 6
4 7

16 4
1 5
2 0
3 8
4 0

17 3
1 10
2 0
3 1

18 4
1 2
2 0
3 5
4 13

19 3
1 6
2 7
3 5

20 4
1 5
2 1
3 10
4 0

21 4
1 16
2 1
3 2
4 0

22 4
1 4
2 0
3 9
4 2

23 4
1 5
2 5
3 1
4 4

24 4
1 11
2 8
3 0
4 0

25 4
1 0
2 2
3 1
4 16

26 3
1 4
2 9
3 4

27 4
1 1
2 2
3 1
4 7

28 2
1 8
2 7

29 4
1 2
2 1
3 9
4 0

30 4
1 1
2 4
3 3
4 2

31 3
1 6
2 1
3 5

32 4
1 3
2 2
3 3
4 3

33 3
1 3
2 8
3 1

34 4
1 1
2 1
3 1
4 8

35 4
1 6
2 2
3 1
4 2

36 2
1 0
2 11

37 4
1 6
2 1
3 0
4 8

38 3
1 0
2 1
3 16

39 4
1 2
2 1
3 6
4 11

40 4
1 3
2 6
3 0
4 4

41 4
1 2
2 10
3 0
4 1

42 3
1 11
2 3
3 1

43 4
1 4
2 2
3 6
4 1

44 4
1 13
2 0
3 5
4 1

45 4
1 5
2 2
3 2
4 6

46 4
1 4
2 3
3 1
4 5

47 4
1 9
2 2
3 6
4 2

48 3
1 1
2 12
3 6

49 4
1 1
2 1
3 3
4 7

50 4
1 2
2 9
3 2
4 4

51 4
1 3
2 4
3 5
4 1

52 3
1 14
2 3
3 1

53 4
1 1
2 9
3 8
4 1

54 4
1 13
2 0
3 0
4 3

55 4
1 1
2 1
3 8
4 6

56 4
1 3
2 5
3 2
4 3

57 3
1 0
2 1
3 15

58 2
1 8
2 10

59 4
1 1
2 2
3 5
4 7

60 2
1 18
2 0

61 1
1 14

62 4
1 3
2 6
3 8
4 1

63 4
1 8
2 1
3 7
4 4

64 4
1 7
2 3
3 2
4 6

65 2
1 6
2 4

66 4
1 5
2 2
3 2
4 8
