Generation: 0
Cost: 128
Seconds passed: 158.4360618

1 251 3
2 241 3
3 195 3
4 234 3
5 315 4
6 177 2
7 228 3
8 186 2
9 144 2
10 199 3
11 288 3
12 215 3
13 269 3
14 320 4
15 202 3
16 131 2
17 176 2
18 213 3


66

1 4
1 8
2 9
3 7
4 3

2 3
1 5
2 4
3 5

3 4
1 4
2 5
3 4
4 4

4 4
1 4
2 8
3 8
4 10

5 4
1 3
2 5
3 5
4 2

6 4
1 8
2 5
3 13
4 4

7 4
1 3
2 5
3 6
4 5

8 4
1 2
2 5
3 2
4 6

9 4
1 2
2 2
3 4
4 3

10 4
1 3
2 2
3 3
4 3

11 4
1 6
2 2
3 6
4 4

12 4
1 6
2 4
3 10
4 4

13 4
1 4
2 4
3 6
4 7

14 4
1 1
2 5
3 5
4 3

15 4
1 4
2 2
3 8
4 2

16 4
1 1
2 3
3 5
4 2

17 3
1 6
2 6
3 7

18 4
1 4
2 3
3 2
4 3

19 3
1 6
2 10
3 10

20 4
1 5
2 4
3 4
4 5

21 4
1 4
2 5
3 6
4 3

22 4
1 3
2 6
3 8
4 3

23 4
1 3
2 3
3 3
4 6

24 4
1 7
2 2
3 4
4 2

25 4
1 4
2 2
3 5
4 7

26 3
1 9
2 7
3 7

27 4
1 3
2 9
3 3
4 2

28 2
1 14
2 8

29 4
1 1
2 4
3 5
4 1

30 4
1 6
2 6
3 7
4 5

31 3
1 14
2 5
3 7

32 4
1 5
2 3
3 4
4 1

33 3
1 5
2 8
3 10

34 4
1 3
2 8
3 4
4 6

35 4
1 10
2 7
3 3
4 9

36 2
1 7
2 4

37 4
1 9
2 7
3 5
4 7

38 3
1 13
2 9
3 3

39 4
1 3
2 7
3 0
4 3

40 4
1 2
2 2
3 5
4 3

41 4
1 0
2 4
3 4
4 2

42 3
1 9
2 10
3 6

43 4
1 4
2 3
3 7
4 2

44 4
1 7
2 3
3 5
4 5

45 4
1 3
2 3
3 8
4 6

46 4
1 4
2 4
3 9
4 8

47 4
1 8
2 6
3 2
4 9

48 3
1 5
2 9
3 6

49 4
1 5
2 7
3 6
4 4

50 4
1 10
2 6
3 8
4 5

51 4
1 7
2 6
3 2
4 9

52 3
1 8
2 5
3 4

53 4
1 5
2 6
3 5
4 5

54 4
1 10
2 5
3 9
4 5

55 4
1 9
2 8
3 8
4 3

56 4
1 6
2 4
3 2
4 8

57 3
1 4
2 5
3 6

58 2
1 9
2 4

59 4
1 5
2 5
3 9
4 4

60 2
1 11
2 11

61 1
1 24

62 4
1 6
2 8
3 3
4 2

63 4
1 9
2 6
3 4
4 8

64 4
1 7
2 6
3 2
4 6

65 2
1 8
2 9

66 4
1 4
2 7
3 7
4 5
Generation: 1
Cost: 124
Seconds passed: 158.4360618

1 279 3
2 240 3
3 181 2
4 237 3
5 306 4
6 162 2
7 205 3
8 190 2
9 161 2
10 201 3
11 279 3
12 217 3
13 258 3
14 303 4
15 209 3
16 132 2
17 176 2
18 208 3


66

1 4
1 5
2 7
3 7
4 8

2 3
1 5
2 3
3 6

3 4
1 5
2 4
3 4
4 4

4 4
1 5
2 6
3 9
4 10

5 4
1 2
2 5
3 5
4 3

6 4
1 7
2 5
3 14
4 4

7 4
1 2
2 1
3 6
4 10

8 4
1 2
2 8
3 4
4 1

9 4
1 6
2 0
3 2
4 3

10 4
1 5
2 2
3 1
4 3

11 4
1 5
2 0
3 8
4 5

12 4
1 5
2 7
3 6
4 6

13 4
1 6
2 4
3 8
4 3

14 4
1 5
2 1
3 3
4 5

15 4
1 4
2 4
3 3
4 5

16 4
1 2
2 2
3 7
4 0

17 3
1 11
2 3
3 5

18 4
1 6
2 1
3 4
4 1

19 3
1 9
2 11
3 6

20 4
1 8
2 4
3 2
4 4

21 4
1 3
2 5
3 6
4 4

22 4
1 1
2 5
3 9
4 5

23 4
1 6
2 3
3 4
4 2

24 4
1 4
2 4
3 2
4 5

25 4
1 1
2 4
3 7
4 6

26 3
1 10
2 8
3 5

27 4
1 0
2 10
3 7
4 0

28 2
1 9
2 13

29 4
1 1
2 4
3 4
4 2

30 4
1 6
2 4
3 10
4 4

31 3
1 11
2 7
3 8

32 4
1 2
2 3
3 4
4 4

33 3
1 7
2 11
3 5

34 4
1 6
2 11
3 0
4 4

35 4
1 9
2 5
3 8
4 7

36 2
1 8
2 3

37 4
1 5
2 6
3 11
4 6

38 3
1 14
2 11
3 0

39 4
1 6
2 3
3 3
4 1

40 4
1 0
2 3
3 5
4 4

41 4
1 1
2 4
3 2
4 3

42 3
1 10
2 9
3 6

43 4
1 6
2 2
3 6
4 2

44 4
1 6
2 5
3 4
4 5

45 4
1 8
2 6
3 4
4 2

46 4
1 4
2 3
3 9
4 9

47 4
1 9
2 4
3 8
4 4

48 3
1 7
2 6
3 7

49 4
1 3
2 7
3 7
4 5

50 4
1 13
2 7
3 5
4 4

51 4
1 7
2 7
3 3
4 7

52 3
1 4
2 4
3 9

53 4
1 6
2 5
3 6
4 4

54 4
1 9
2 10
3 4
4 6

55 4
1 10
2 6
3 7
4 5

56 4
1 7
2 7
3 4
4 2

57 3
1 3
2 5
3 7

58 2
1 12
2 1

59 4
1 1
2 8
3 11
4 3

60 2
1 9
2 13

61 1
1 24

62 4
1 6
2 8
3 5
4 0

63 4
1 5
2 7
3 6
4 9

64 4
1 7
2 5
3 2
4 7

65 2
1 9
2 8

66 4
1 5
2 7
3 3
4 8
Generation: 2
Cost: 104
Seconds passed: 158.4360618

1 268 3
2 252 3
3 206 3
4 247 3
5 261 3
6 177 2
7 210 3
8 167 2
9 171 2
10 220 3
11 277 3
12 214 3
13 238 3
14 295 4
15 186 2
16 127 2
17 185 2
18 219 3


66

1 4
1 1
2 11
3 4
4 11

2 3
1 3
2 5
3 6

3 4
1 2
2 4
3 8
4 3

4 4
1 2
2 6
3 14
4 8

5 4
1 1
2 4
3 6
4 4

6 4
1 10
2 3
3 14
4 3

7 4
1 1
2 3
3 5
4 10

8 4
1 3
2 2
3 8
4 2

9 4
1 5
2 1
3 0
4 5

10 4
1 4
2 1
3 0
4 6

11 4
1 4
2 1
3 7
4 6

12 4
1 10
2 1
3 10
4 3

13 4
1 5
2 3
3 7
4 6

14 4
1 2
2 5
3 2
4 5

15 4
1 4
2 6
3 3
4 3

16 4
1 8
2 2
3 1
4 0

17 3
1 15
2 2
3 2

18 4
1 0
2 1
3 4
4 7

19 3
1 10
2 10
3 6

20 4
1 4
2 6
3 5
4 3

21 4
1 4
2 6
3 5
4 3

22 4
1 2
2 3
3 9
4 6

23 4
1 9
2 1
3 2
4 3

24 4
1 3
2 5
3 5
4 2

25 4
1 8
2 3
3 5
4 2

26 3
1 14
2 6
3 3

27 4
1 2
2 8
3 7
4 0

28 2
1 13
2 9

29 4
1 0
2 5
3 5
4 1

30 4
1 7
2 8
3 7
4 2

31 3
1 12
2 2
3 12

32 4
1 3
2 4
3 5
4 1

33 3
1 7
2 10
3 6

34 4
1 4
2 17
3 0
4 0

35 4
1 11
2 5
3 6
4 7

36 2
1 11
2 0

37 4
1 7
2 7
3 6
4 8

38 3
1 18
2 3
3 4

39 4
1 7
2 2
3 2
4 2

40 4
1 2
2 6
3 4
4 0

41 4
1 0
2 6
3 2
4 2

42 3
1 12
2 5
3 8

43 4
1 7
2 0
3 4
4 5

44 4
1 12
2 3
3 3
4 2

45 4
1 5
2 5
3 2
4 8

46 4
1 1
2 2
3 8
4 14

47 4
1 12
2 2
3 8
4 3

48 3
1 2
2 11
3 7

49 4
1 3
2 2
3 7
4 10

50 4
1 13
2 8
3 4
4 4

51 4
1 7
2 11
3 4
4 2

52 3
1 5
2 5
3 7

53 4
1 6
2 2
3 5
4 8

54 4
1 9
2 15
3 0
4 5

55 4
1 15
2 0
3 7
4 6

56 4
1 3
2 11
3 6
4 0

57 3
1 0
2 7
3 8

58 2
1 4
2 9

59 4
1 1
2 7
3 13
4 2

60 2
1 12
2 10

61 1
1 24

62 4
1 5
2 6
3 8
4 0

63 4
1 5
2 5
3 8
4 9

64 4
1 8
2 6
3 0
4 7

65 2
1 9
2 8

66 4
1 4
2 7
3 4
4 8
Generation: 3
Cost: 88
Seconds passed: 158.4360618

1 250 3
2 256 3
3 183 2
4 243 3
5 294 4
6 198 3
7 217 3
8 167 2
9 148 2
10 222 3
11 278 3
12 236 3
13 246 3
14 297 4
15 208 3
16 144 2
17 202 3
18 205 3


66

1 4
1 1
2 10
3 4
4 12

2 3
1 5
2 3
3 6

3 4
1 0
2 5
3 7
4 5

4 4
1 2
2 11
3 12
4 5

5 4
1 0
2 7
3 4
4 4

6 4
1 12
2 1
3 12
4 5

7 4
1 4
2 1
3 9
4 5

8 4
1 2
2 9
3 2
4 2

9 4
1 2
2 3
3 3
4 3

10 4
1 5
2 0
3 0
4 6

11 4
1 0
2 2
3 7
4 9

12 4
1 6
2 4
3 11
4 3

13 4
1 3
2 4
3 7
4 7

14 4
1 2
2 3
3 5
4 4

15 4
1 1
2 6
3 3
4 6

16 4
1 6
2 2
3 2
4 1

17 3
1 10
2 1
3 8

18 4
1 1
2 1
3 1
4 9

19 3
1 7
2 12
3 7

20 4
1 7
2 2
3 6
4 3

21 4
1 8
2 6
3 1
4 3

22 4
1 6
2 2
3 3
4 9

23 4
1 2
2 8
3 2
4 3

24 4
1 4
2 6
3 3
4 2

25 4
1 1
2 1
3 10
4 6

26 3
1 6
2 8
3 9

27 4
1 3
2 9
3 5
4 0

28 2
1 15
2 7

29 4
1 1
2 8
3 1
4 1

30 4
1 4
2 11
3 8
4 1

31 3
1 12
2 2
3 12

32 4
1 4
2 3
3 5
4 1

33 3
1 8
2 9
3 6

34 4
1 1
2 15
3 1
4 4

35 4
1 14
2 6
3 4
4 5

36 2
1 6
2 5

37 4
1 5
2 3
3 9
4 11

38 3
1 12
2 8
3 5

39 4
1 5
2 4
3 2
4 2

40 4
1 3
2 3
3 3
4 3

41 4
1 4
2 4
3 1
4 1

42 3
1 15
2 9
3 1

43 4
1 7
2 2
3 5
4 2

44 4
1 11
2 9
3 0
4 0

45 4
1 6
2 4
3 4
4 6

46 4
1 1
2 1
3 5
4 18

47 4
1 6
2 4
3 3
4 12

48 3
1 7
2 9
3 4

49 4
1 2
2 6
3 10
4 4

50 4
1 9
2 7
3 9
4 4

51 4
1 7
2 10
3 3
4 4

52 3
1 6
2 2
3 9

53 4
1 3
2 5
3 5
4 8

54 4
1 7
2 14
3 0
4 8

55 4
1 7
2 4
3 10
4 7

56 4
1 0
2 4
3 12
4 4

57 3
1 3
2 3
3 9

58 2
1 4
2 9

59 4
1 2
2 10
3 10
4 1

60 2
1 14
2 8

61 1
1 24

62 4
1 3
2 9
3 7
4 0

63 4
1 1
2 9
3 9
4 8

64 4
1 6
2 7
3 2
4 6

65 2
1 11
2 6

66 4
1 5
2 9
3 3
4 6
Generation: 4
Cost: 84
Seconds passed: 158.4360618

1 229 3
2 250 3
3 205 3
4 239 3
5 272 3
6 190 2
7 205 3
8 171 2
9 162 2
10 206 3
11 258 3
12 228 3
13 259 3
14 277 3
15 198 3
16 160 2
17 196 3
18 208 3


66

1 4
1 0
2 11
3 5
4 11

2 3
1 6
2 1
3 7

3 4
1 1
2 1
3 8
4 7

4 4
1 7
2 11
3 10
4 2

5 4
1 5
2 7
3 0
4 3

6 4
1 9
2 6
3 12
4 3

7 4
1 1
2 4
3 11
4 3

8 4
1 2
2 11
3 1
4 1

9 4
1 1
2 4
3 2
4 4

10 4
1 1
2 3
3 4
4 3

11 4
1 2
2 1
3 10
4 5

12 4
1 2
2 7
3 14
4 1

13 4
1 2
2 6
3 9
4 4

14 4
1 1
2 1
3 0
4 12

15 4
1 3
2 3
3 2
4 8

16 4
1 9
2 2
3 0
4 0

17 3
1 14
2 4
3 1

18 4
1 0
2 2
3 4
4 6

19 3
1 8
2 12
3 6

20 4
1 1
2 9
3 4
4 4

21 4
1 6
2 10
3 1
4 1

22 4
1 2
2 5
3 2
4 11

23 4
1 1
2 8
3 4
4 2

24 4
1 4
2 3
3 1
4 7

25 4
1 0
2 3
3 10
4 5

26 3
1 8
2 9
3 6

27 4
1 2
2 8
3 5
4 2

28 2
1 11
2 11

29 4
1 1
2 7
3 0
4 3

30 4
1 5
2 11
3 5
4 3

31 3
1 11
2 1
3 14

32 4
1 5
2 2
3 3
4 3

33 3
1 7
2 11
3 5

34 4
1 2
2 14
3 1
4 4

35 4
1 14
2 7
3 4
4 4

36 2
1 7
2 4

37 4
1 6
2 3
3 9
4 10

38 3
1 14
2 10
3 1

39 4
1 3
2 0
3 8
4 2

40 4
1 5
2 3
3 3
4 1

41 4
1 1
2 3
3 2
4 4

42 3
1 14
2 9
3 2

43 4
1 7
2 5
3 0
4 4

44 4
1 7
2 6
3 1
4 6

45 4
1 5
2 4
3 4
4 7

46 4
1 1
2 3
3 10
4 11

47 4
1 10
2 1
3 8
4 6

48 3
1 5
2 15
3 0

49 4
1 4
2 6
3 7
4 5

50 4
1 16
2 4
3 7
4 2

51 4
1 11
2 12
3 0
4 1

52 3
1 5
2 1
3 11

53 4
1 5
2 4
3 11
4 1

54 4
1 6
2 10
3 1
4 12

55 4
1 7
2 3
3 11
4 7

56 4
1 4
2 12
3 4
4 0

57 3
1 1
2 5
3 9

58 2
1 12
2 1

59 4
1 8
2 3
3 7
4 5

60 2
1 18
2 4

61 1
1 24

62 4
1 6
2 1
3 6
4 6

63 4
1 3
2 18
3 3
4 3

64 4
1 4
2 7
3 1
4 9

65 2
1 11
2 6

66 4
1 6
2 10
3 1
4 6
Generation: 5
Cost: 79
Seconds passed: 158.4360618

1 231 3
2 261 3
3 222 3
4 233 3
5 275 3
6 194 3
7 238 3
8 196 3
9 150 2
10 209 3
11 268 3
12 195 3
13 255 3
14 256 3
15 172 2
16 152 2
17 196 3
18 219 3


66

1 4
1 1
2 12
3 2
4 12

2 3
1 4
2 4
3 6

3 4
1 1
2 2
3 7
4 7

4 4
1 7
2 9
3 14
4 0

5 4
1 6
2 8
3 0
4 1

6 4
1 11
2 2
3 16
4 1

7 4
1 0
2 5
3 12
4 2

8 4
1 4
2 6
3 2
4 3

9 4
1 1
2 1
3 2
4 7

10 4
1 6
2 1
3 0
4 4

11 4
1 1
2 2
3 12
4 3

12 4
1 5
2 6
3 11
4 2

13 4
1 1
2 5
3 9
4 6

14 4
1 2
2 0
3 0
4 12

15 4
1 10
2 0
3 6
4 0

16 4
1 8
2 0
3 1
4 2

17 3
1 18
2 1
3 0

18 4
1 3
2 1
3 2
4 6

19 3
1 7
2 6
3 13

20 4
1 2
2 4
3 9
4 3

21 4
1 7
2 2
3 4
4 5

22 4
1 0
2 6
3 1
4 13

23 4
1 6
2 5
3 0
4 4

24 4
1 5
2 2
3 1
4 7

25 4
1 1
2 1
3 10
4 6

26 3
1 8
2 9
3 6

27 4
1 0
2 4
3 6
4 7

28 2
1 10
2 12

29 4
1 1
2 8
3 1
4 1

30 4
1 1
2 12
3 4
4 7

31 3
1 12
2 8
3 6

32 4
1 6
2 5
3 1
4 1

33 3
1 14
2 5
3 4

34 4
1 1
2 17
3 0
4 3

35 4
1 9
2 12
3 5
4 3

36 2
1 8
2 3

37 4
1 7
2 3
3 8
4 10

38 3
1 16
2 6
3 3

39 4
1 0
2 1
3 8
4 4

40 4
1 0
2 8
3 2
4 2

41 4
1 4
2 2
3 1
4 3

42 3
1 12
2 9
3 4

43 4
1 5
2 1
3 5
4 5

44 4
1 5
2 6
3 0
4 9

45 4
1 5
2 5
3 5
4 5

46 4
1 3
2 0
3 3
4 19

47 4
1 9
2 1
3 6
4 9

48 3
1 0
2 16
3 4

49 4
1 4
2 6
3 12
4 0

50 4
1 14
2 1
3 5
4 9

51 4
1 4
2 11
3 3
4 6

52 3
1 8
2 5
3 4

53 4
1 4
2 5
3 12
4 0

54 4
1 6
2 10
3 2
4 11

55 4
1 10
2 2
3 12
4 4

56 4
1 4
2 7
3 7
4 2

57 3
1 1
2 4
3 10

58 2
1 4
2 9

59 4
1 6
2 8
3 6
4 3

60 2
1 21
2 1

61 1
1 24

62 4
1 3
2 5
3 6
4 5

63 4
1 9
2 7
3 2
4 9

64 4
1 2
2 8
3 2
4 9

65 2
1 14
2 3

66 4
1 9
2 7
3 2
4 5
Generation: 6
Cost: 70
Seconds passed: 158.4360618

1 245 3
2 275 3
3 223 3
4 210 3
5 255 3
6 199 3
7 228 3
8 185 2
9 161 2
10 190 2
11 253 3
12 200 3
13 270 3
14 284 3
15 197 3
16 161 2
17 174 2
18 233 3


66

1 4
1 0
2 14
3 0
4 13

2 3
1 8
2 5
3 1

3 4
1 1
2 1
3 7
4 8

4 4
1 4
2 7
3 19
4 0

5 4
1 5
2 4
3 3
4 3

6 4
1 9
2 7
3 14
4 0

7 4
1 2
2 0
3 14
4 3

8 4
1 4
2 3
3 7
4 1

9 4
1 2
2 6
3 1
4 2

10 4
1 4
2 2
3 2
4 3

11 4
1 6
2 1
3 7
4 4

12 4
1 1
2 10
3 10
4 3

13 4
1 0
2 3
3 8
4 10

14 4
1 0
2 0
3 1
4 13

15 4
1 9
2 1
3 6
4 0

16 4
1 5
2 0
3 3
4 3

17 3
1 12
2 5
3 2

18 4
1 0
2 2
3 4
4 6

19 3
1 9
2 12
3 5

20 4
1 1
2 7
3 10
4 0

21 4
1 5
2 3
3 3
4 7

22 4
1 1
2 7
3 0
4 12

23 4
1 4
2 2
3 1
4 8

24 4
1 6
2 3
3 1
4 5

25 4
1 12
2 0
3 3
4 3

26 3
1 7
2 9
3 7

27 4
1 3
2 5
3 2
4 7

28 2
1 9
2 13

29 4
1 1
2 8
3 1
4 1

30 4
1 2
2 15
3 1
4 6

31 3
1 18
2 1
3 7

32 4
1 10
2 2
3 1
4 0

33 3
1 9
2 10
3 4

34 4
1 0
2 18
3 0
4 3

35 4
1 6
2 19
3 2
4 2

36 2
1 8
2 3

37 4
1 6
2 2
3 9
4 11

38 3
1 14
2 4
3 7

39 4
1 2
2 3
3 4
4 4

40 4
1 1
2 7
3 0
4 4

41 4
1 2
2 2
3 1
4 5

42 3
1 14
2 3
3 8

43 4
1 2
2 2
3 5
4 7

44 4
1 4
2 4
3 3
4 9

45 4
1 1
2 3
3 8
4 8

46 4
1 13
2 0
3 2
4 10

47 4
1 9
2 2
3 7
4 7

48 3
1 1
2 9
3 10

49 4
1 2
2 5
3 15
4 0

50 4
1 11
2 4
3 6
4 8

51 4
1 9
2 12
3 0
4 3

52 3
1 7
2 8
3 2

53 4
1 4
2 6
3 10
4 1

54 4
1 10
2 3
3 7
4 9

55 4
1 9
2 2
3 16
4 1

56 4
1 6
2 10
3 2
4 2

57 3
1 0
2 3
3 12

58 2
1 4
2 9

59 4
1 6
2 3
3 11
4 3

60 2
1 16
2 6

61 1
1 24

62 4
1 5
2 6
3 8
4 0

63 4
1 8
2 10
3 1
4 8

64 4
1 6
2 1
3 0
4 14

65 2
1 13
2 4

66 4
1 13
2 4
3 6
4 0
Generation: 423
Cost: 69
Seconds passed: 158.4360618

1 245 3
2 266 3
3 161 2
4 222 3
5 279 3
6 202 3
7 246 3
8 180 2
9 154 2
10 211 3
11 216 3
12 249 3
13 248 3
14 271 3
15 145 2
16 156 2
17 167 2
18 248 3


66

1 4
1 7
2 4
3 4
4 12

2 3
1 13
2 0
3 1

3 4
1 4
2 3
3 10
4 0

4 4
1 2
2 4
3 12
4 12

5 4
1 3
2 10
3 2
4 0

6 4
1 1
2 22
3 6
4 1

7 4
1 1
2 3
3 12
4 3

8 4
1 0
2 10
3 2
4 3

9 4
1 7
2 1
3 2
4 1

10 4
1 1
2 3
3 6
4 1

11 4
1 7
2 1
3 2
4 8

12 4
1 4
2 13
3 7
4 0

13 4
1 3
2 4
3 4
4 10

14 4
1 1
2 7
3 0
4 6

15 4
1 2
2 3
3 3
4 8

16 4
1 1
2 0
3 3
4 7

17 3
1 8
2 10
3 1

18 4
1 2
2 0
3 0
4 10

19 3
1 7
2 11
3 8

20 4
1 2
2 8
3 4
4 4

21 4
1 16
2 1
3 0
4 1

22 4
1 5
2 8
3 4
4 3

23 4
1 6
2 5
3 3
4 1

24 4
1 0
2 4
3 4
4 7

25 4
1 3
2 5
3 9
4 1

26 3
1 3
2 16
3 4

27 4
1 12
2 3
3 1
4 1

28 2
1 22
2 0

29 4
1 0
2 6
3 2
4 3

30 4
1 7
2 11
3 0
4 6

31 3
1 16
2 7
3 3

32 4
1 1
2 8
3 0
4 4

33 3
1 21
2 1
3 1

34 4
1 5
2 0
3 15
4 1

35 4
1 16
2 0
3 2
4 11

36 2
1 5
2 6

37 4
1 0
2 8
3 0
4 20

38 3
1 23
2 0
3 2

39 4
1 5
2 7
3 1
4 0

40 4
1 0
2 3
3 2
4 7

41 4
1 0
2 2
3 1
4 7

42 3
1 15
2 2
3 8

43 4
1 5
2 4
3 2
4 5

44 4
1 11
2 2
3 6
4 1

45 4
1 12
2 1
3 2
4 5

46 4
1 1
2 4
3 2
4 18

47 4
1 7
2 5
3 11
4 2

48 3
1 13
2 3
3 4

49 4
1 11
2 3
3 1
4 7

50 4
1 4
2 17
3 2
4 6

51 4
1 1
2 6
3 1
4 16

52 3
1 1
2 12
3 4

53 4
1 3
2 7
3 2
4 9

54 4
1 16
2 11
3 1
4 1

55 4
1 2
2 8
3 14
4 4

56 4
1 5
2 11
3 3
4 1

57 3
1 3
2 2
3 10

58 2
1 10
2 3

59 4
1 15
2 6
3 0
4 2

60 2
1 6
2 16

61 1
1 24

62 4
1 7
2 1
3 5
4 6

63 4
1 5
2 8
3 5
4 9

64 4
1 0
2 6
3 1
4 14

65 2
1 16
2 1

66 4
1 3
2 0
3 13
4 7
