Generation: 0
Cost: 17
Seconds passed: 18.2305965

1 8 4
2 6 3
3 6 3
4 6 3
5 8 4


6

1 3
1 2
2 1
3 0

2 3
1 1
2 2
3 1

3 2
1 2
2 3

4 3
1 1
2 1
3 0

5 3
1 2
2 1
3 0

6 3
1 3
2 1
3 0
Generation: 1
Cost: 16
Seconds passed: 18.2305965

1 10 5
2 12 6
3 3 2
4 7 4
5 7 4


6

1 3
1 1
2 1
3 1

2 3
1 3
2 1
3 0

3 2
1 3
2 2

4 3
1 0
2 2
3 0

5 3
1 1
2 1
3 1

6 3
1 2
2 0
3 2
Generation: 9
Cost: 15
Seconds passed: 18.2305965

1 5 3
2 11 6
3 1 1
4 8 4
5 8 4


6

1 3
1 0
2 1
3 2

2 3
1 4
2 0
3 0

3 2
1 3
2 2

4 3
1 0
2 2
3 0

5 3
1 3
2 0
3 0

6 3
1 4
2 0
3 0
Generation: 10
Cost: 14
Seconds passed: 18.2305965

1 9 5
2 5 3
3 3 2
4 10 5
5 14 7


6

1 3
1 1
2 1
3 1

2 3
1 0
2 1
3 3

3 2
1 3
2 2

4 3
1 0
2 0
3 2

5 3
1 1
2 1
3 1

6 3
1 4
2 0
3 0
